2.234405178514942136e-01
3.046173809061576421e-01
2.960208669992892005e-01
1.951260049564149668e-01
2.299097837603183425e-01
-1.319915451171262966e-01
-4.619246376300178980e-03
6.091336784679863836e-01
-1.438507114684339783e-01
5.098830111371925877e-01
8.200401655893241326e-02
3.828935435637736973e-02
2.702425194939648279e-01
4.442278416163238930e-01
-4.236797694284399896e-02
3.854592311811324556e-01
3.584963185033709365e-01
-8.369621433439977665e-02
1.055078324687853897e+00
1.021553079560195698e-01
2.235393085422934245e-01
8.859510008476907394e-01
3.810870528864567230e-01
7.315588360292786252e-01
-1.611494253661960308e-01
9.244168134763697253e-01
1.881188574993233331e-01
1.755882275797993053e-01
3.296419653609921063e-01
3.030020468373608722e-01
2.117823107549110517e-02
3.894360381683461547e-01
7.981242333226330476e-01
2.909007542352650688e-01
-4.310520718342081281e-02
-2.267394122241461751e-01
1.275912731327544236e-03
1.873959654698884592e-01
5.761210376464420690e-02
5.448368158634733227e-01
1.422817446381892115e-01
3.804076228390953496e-01
1.636324353199056780e-01
7.502749246064510658e-02
6.655799360523928510e-01
5.149858164818477135e-02
3.692344757360523921e-01
8.035767916737428518e-01
-1.091126086851601507e-01
7.308145383970987563e-01
1.052645172282250741e+00
1.094230869642123238e-01
2.706367003826775086e-01
4.650123134240193856e-01
1.002824283233607394e+00
3.928313711451136836e-01
1.837087932468295381e-01
1.273528789007367656e-01
4.709248604609339584e-01
-2.023400751482342663e-01
3.083553625827084588e-02
8.096761043630278376e-01
-1.180738825250680080e-01
4.299893428397039141e-01
-2.811382248251641514e-01
9.727626813489098634e-01
7.780742548273167358e-02
3.229756719486909233e-02
3.480775451504800611e-01
4.735454850319671394e-01
5.319437493547871654e-01
3.026670238639070920e-01
-4.339862249085735257e-02
3.712610001642933089e-01
1.417479472757368075e-01
-8.754067027957734837e-02
4.991759610525918767e-01
4.054640040871833051e-01
6.054894522653633260e-01
7.616594637148477176e-01
